XL2 Sound Level Meter RTA Reporting:		CHH2016\SPL_SLM_011_RTA_3rd_Report.txt
------------------------------------


# Hardware Configuration
	Device Info:    	XL2, SNo. A2A-02094-C0, FW3.02
	Mic Type:       	NTi Audio M2210, SNo. 1368, User calibrated 2015-12-16  12:34
	Mic Sensitivity:	21,4 mV/Pa

# Measurement Setup
	Profile:        	Full mode
	Append mode:    	OFF
	Timer mode:     	single
	Timer set:      	00:00:30
	Resolution:     	1/3 Octave
	Range:          	10 - 110 dB

# Time
	Start:          	2016-04-13, 12:15:18
	End:            	2016-04-13, 12:15:48

# RTA Results
	Band [Hz]	6,3     	8,0     	10,0    	12,5    	16,0    	20,0    	25,0    	31,5    	40,0    	50,0    	63,0    	80,0    	100,0   	125,0   	160,0   	200,0   	250,0   	315,0   	400,0   	500,0   	630,0   	800,0   	1000,0  	1250,0  	1600,0  	2000,0  	2500,0  	3150,0  	4000,0  	5000,0  	6300,0  	8000,0  	10000,0 	12500,0 	16000,0 	20000,0 
	         	[dB]    	[dB]    	[dB]    	[dB]    	[dB]    	[dB]    	[dB]    	[dB]    	[dB]    	[dB]    	[dB]    	[dB]    	[dB]    	[dB]    	[dB]    	[dB]    	[dB]    	[dB]    	[dB]    	[dB]    	[dB]    	[dB]    	[dB]    	[dB]    	[dB]    	[dB]    	[dB]    	[dB]    	[dB]    	[dB]    	[dB]    	[dB]    	[dB]    	[dB]    	[dB]    	[dB]    
	LASmax   	-29,8   	-20,0   	-13,4   	-6,4    	-3,1    	1,7     	7,3     	4,2     	5,6     	47,4    	17,9    	34,6    	52,3    	45,5    	50,0    	50,9    	50,5    	52,1    	57,1    	61,3    	58,1    	54,7    	55,2    	53,0    	52,6    	52,2    	52,4    	51,8    	53,0    	55,7    	46,6    	42,7    	37,6    	33,0    	27,3    	21,3    
	LASmin   	-52,8   	-44,7   	-37,2   	-29,9   	-18,4   	-14,6   	-2,1    	-5,6    	-3,5    	46,5    	11,8    	30,7    	50,1    	41,4    	47,1    	47,5    	47,4    	48,9    	52,8    	56,2    	55,3    	52,7    	53,3    	51,4    	50,7    	50,5    	50,2    	50,4    	52,0    	54,5    	45,9    	42,1    	36,3    	32,0    	26,3    	19,4    
	LAeq     	-39,7   	-29,9   	-24,7   	-19,4   	-10,1   	-6,8    	2,0     	-1,6    	-0,3    	47,0    	14,5    	32,6    	51,4    	43,6    	48,4    	49,4    	48,8    	50,7    	55,3    	59,0    	56,5    	53,7    	54,2    	52,3    	51,6    	51,4    	51,0    	51,1    	52,5    	55,0    	46,2    	42,4    	36,8    	32,4    	26,6    	19,7    
	L_Capt   	54,0    	57,3    	55,7    	54,0    	53,2    	50,9    	49,3    	52,1    	51,1    	52,1    	55,0    	52,4    	64,5    	64,3    	60,8    	63,8    	61,2    	59,6    	56,4    	54,4    	59,1    	57,7    	52,4    	49,8    	46,5    	42,3    	43,5    	45,4    	40,9    	33,6    	38,3    	38,4    	37,4    	32,6    	30,0    	28,6    
	LAE      	-24,8   	-15,1   	-9,8    	-4,5    	4,8     	8,0     	16,8    	13,3    	14,6    	61,8    	29,3    	47,4    	66,3    	58,5    	63,3    	64,2    	63,7    	65,6    	70,1    	73,8    	71,4    	68,6    	69,1    	67,1    	66,4    	66,2    	65,9    	66,0    	67,3    	69,9    	61,1    	57,3    	51,7    	47,2    	41,5    	34,6    
	LAS1,0%  	-,-     	-20,7   	-13,7   	-6,7    	-3,7    	1,3     	6,3     	3,3     	4,3     	47,3    	17,3    	34,3    	51,3    	44,3    	49,3    	50,3    	50,3    	51,3    	56,3    	60,3    	57,3    	54,3    	54,3    	52,3    	52,3    	51,3    	51,3    	51,3    	52,3    	55,3    	46,3    	42,3    	37,3    	32,3    	26,3    	20,3    
	LAS5,0%  	-,-     	-22,7   	-16,7   	-10,7   	-6,7    	-1,7    	5,3     	1,3     	1,3     	47,3    	16,3    	33,3    	51,3    	44,3    	49,3    	50,3    	49,3    	51,3    	56,3    	60,3    	57,3    	54,3    	54,3    	52,3    	52,3    	51,3    	51,3    	51,3    	52,3    	55,3    	46,3    	42,3    	36,3    	32,3    	26,3    	20,3    
	LAS10,0% 	-,-     	-,-     	-20,7   	-15,7   	-7,7    	-2,7    	4,3     	0,3     	0,3     	46,3    	15,3    	33,3    	51,3    	44,3    	48,3    	49,3    	49,3    	51,3    	56,3    	60,3    	57,3    	53,3    	54,3    	52,3    	51,3    	51,3    	51,3    	51,3    	52,3    	55,3    	46,3    	42,3    	36,3    	32,3    	26,3    	20,3    
	LAS50,0% 	-,-     	-,-     	-,-     	-,-     	-10,7   	-8,7    	0,3     	-2,7    	-1,7    	46,3    	13,3    	32,3    	51,3    	43,3    	48,3    	49,3    	48,3    	50,3    	54,3    	58,3    	56,3    	53,3    	53,3    	52,3    	51,3    	51,3    	50,3    	50,3    	52,3    	54,3    	45,3    	42,3    	36,3    	32,3    	26,3    	19,3    
	LAS90,0% 	-,-     	-,-     	-,-     	-,-     	-16,7   	-12,7   	-1,7    	-4,7    	-2,7    	46,3    	12,3    	31,3    	50,3    	42,3    	47,3    	48,3    	47,3    	49,3    	53,3    	57,3    	55,3    	53,3    	53,3    	51,3    	50,3    	50,3    	50,3    	50,3    	51,3    	54,3    	45,3    	42,3    	36,3    	31,3    	26,3    	19,3    
	LAS95,0% 	-,-     	-,-     	-,-     	-,-     	-17,7   	-13,7   	-1,7    	-4,7    	-3,7    	46,3    	12,3    	31,3    	50,3    	41,3    	47,3    	48,3    	47,3    	48,3    	52,3    	56,3    	55,3    	52,3    	53,3    	51,3    	50,3    	50,3    	50,3    	50,3    	51,3    	54,3    	45,3    	41,3    	36,3    	31,3    	26,3    	19,3    
	LAS99,0% 	-,-     	-,-     	-,-     	-,-     	-18,7   	-14,7   	-2,7    	-5,7    	-3,7    	46,3    	11,3    	30,3    	50,3    	41,3    	47,3    	47,3    	47,3    	48,3    	52,3    	56,3    	55,3    	52,3    	53,3    	51,3    	50,3    	50,3    	49,3    	50,3    	51,3    	54,3    	45,3    	41,3    	36,3    	31,3    	26,3    	19,3    

