XL2 Sound Level Meter RTA Reporting:		CHH2016\SPL_SLM_002_RTA_3rd_Report.txt
------------------------------------


# Hardware Configuration
	Device Info:    	XL2, SNo. A2A-02094-C0, FW3.02
	Mic Type:       	NTi Audio M2210, SNo. 1368, User calibrated 2015-12-16  12:34
	Mic Sensitivity:	21,4 mV/Pa

# Measurement Setup
	Profile:        	Full mode
	Append mode:    	OFF
	Timer mode:     	single
	Timer set:      	00:00:30
	Resolution:     	1/3 Octave
	Range:          	10 - 110 dB

# Time
	Start:          	2016-04-13, 12:05:52
	End:            	2016-04-13, 12:06:22

# RTA Results
	Band [Hz]	6,3     	8,0     	10,0    	12,5    	16,0    	20,0    	25,0    	31,5    	40,0    	50,0    	63,0    	80,0    	100,0   	125,0   	160,0   	200,0   	250,0   	315,0   	400,0   	500,0   	630,0   	800,0   	1000,0  	1250,0  	1600,0  	2000,0  	2500,0  	3150,0  	4000,0  	5000,0  	6300,0  	8000,0  	10000,0 	12500,0 	16000,0 	20000,0 
	         	[dB]    	[dB]    	[dB]    	[dB]    	[dB]    	[dB]    	[dB]    	[dB]    	[dB]    	[dB]    	[dB]    	[dB]    	[dB]    	[dB]    	[dB]    	[dB]    	[dB]    	[dB]    	[dB]    	[dB]    	[dB]    	[dB]    	[dB]    	[dB]    	[dB]    	[dB]    	[dB]    	[dB]    	[dB]    	[dB]    	[dB]    	[dB]    	[dB]    	[dB]    	[dB]    	[dB]    
	LASmax   	-34,3   	-25,2   	-21,6   	-19,2   	-4,8    	-1,7    	5,7     	13,0    	9,1     	17,0    	17,4    	18,0    	27,9    	25,2    	25,7    	35,7    	30,7    	32,5    	33,6    	37,0    	35,3    	34,6    	35,2    	32,2    	33,7    	33,6    	33,8    	33,8    	32,9    	31,8    	29,8    	26,3    	22,5    	17,5    	13,6    	8,7     
	LASmin   	-51,4   	-42,8   	-40,2   	-31,9   	-19,7   	-15,3   	-8,4    	-7,6    	-12,4   	-6,5    	-1,3    	1,5     	5,1     	12,0    	13,3    	22,4    	23,7    	19,7    	21,8    	25,0    	24,5    	25,4    	26,5    	25,2    	22,9    	22,6    	22,2    	17,7    	15,8    	14,0    	11,7    	10,5    	8,8     	6,6     	4,1     	2,0     
	LAeq     	-41,5   	-34,6   	-31,4   	-25,3   	-11,6   	-8,6    	-3,4    	0,6     	-8,0    	-2,1    	2,7     	6,9     	8,2     	14,9    	15,4    	23,5    	24,4    	21,0    	23,3    	26,3    	26,0    	26,6    	28,0    	26,6    	25,6    	25,5    	25,5    	23,4    	22,3    	20,8    	18,9    	16,5    	13,4    	9,6     	6,2     	3,1     
	L_Capt   	54,0    	57,3    	55,7    	54,0    	53,2    	50,9    	49,3    	52,1    	51,1    	52,1    	55,0    	52,4    	64,5    	64,3    	60,8    	63,8    	61,2    	59,6    	56,4    	54,4    	59,1    	57,7    	52,4    	49,8    	46,5    	42,3    	43,5    	45,4    	40,9    	33,6    	38,3    	38,4    	37,4    	32,6    	30,0    	28,6    
	LAE      	-26,7   	-19,8   	-16,6   	-10,4   	3,2     	6,3     	11,4    	15,5    	6,8     	12,8    	17,5    	21,7    	23,1    	29,8    	30,3    	38,4    	39,2    	35,9    	38,2    	41,1    	40,8    	41,4    	42,8    	41,4    	40,5    	40,3    	40,3    	38,2    	37,2    	35,7    	33,8    	31,4    	28,3    	24,4    	21,1    	18,0    
	LAS1,0%  	-,-     	-,-     	-22,7   	-20,7   	-5,7    	-2,7    	4,3     	11,3    	7,3     	15,3    	15,3    	16,3    	26,3    	23,3    	24,3    	34,3    	29,3    	31,3    	32,3    	35,3    	34,3    	33,3    	34,3    	31,3    	32,3    	32,3    	32,3    	33,3    	32,3    	30,3    	29,3    	25,3    	21,3    	16,3    	12,3    	7,3     
	LAS5,0%  	-,-     	-,-     	-,-     	-20,7   	-7,7    	-3,7    	1,3     	8,3     	2,3     	10,3    	11,3    	13,3    	21,3    	20,3    	20,3    	29,3    	26,3    	26,3    	28,3    	31,3    	30,3    	30,3    	31,3    	30,3    	30,3    	29,3    	30,3    	29,3    	29,3    	28,3    	27,3    	24,3    	20,3    	15,3    	11,3    	6,3     
	LAS10,0% 	-,-     	-,-     	-,-     	-22,7   	-8,7    	-4,7    	-0,7    	5,3     	-2,7    	5,3     	8,3     	11,3    	16,3    	18,3    	18,3    	26,3    	25,3    	23,3    	25,3    	28,3    	27,3    	28,3    	30,3    	28,3    	28,3    	28,3    	28,3    	26,3    	26,3    	25,3    	23,3    	21,3    	18,3    	13,3    	9,3     	5,3     
	LAS50,0% 	-,-     	-,-     	-,-     	-,-     	-13,7   	-10,7   	-3,7    	-0,7    	-8,7    	-2,7    	1,3     	4,3     	7,3     	13,3    	14,3    	23,3    	24,3    	20,3    	22,3    	25,3    	25,3    	26,3    	27,3    	25,3    	24,3    	23,3    	23,3    	20,3    	19,3    	17,3    	14,3    	13,3    	10,3    	7,3     	4,3     	2,3     
	LAS90,0% 	-,-     	-,-     	-,-     	-,-     	-18,7   	-14,7   	-7,7    	-5,7    	-10,7   	-4,7    	-0,7    	2,3     	5,3     	12,3    	13,3    	22,3    	23,3    	19,3    	21,3    	25,3    	24,3    	25,3    	26,3    	25,3    	22,3    	22,3    	22,3    	17,3    	15,3    	14,3    	11,3    	10,3    	8,3     	6,3     	3,3     	1,3     
	LAS95,0% 	-,-     	-,-     	-,-     	-,-     	-18,7   	-14,7   	-7,7    	-6,7    	-11,7   	-5,7    	-0,7    	1,3     	5,3     	12,3    	13,3    	22,3    	23,3    	19,3    	21,3    	25,3    	24,3    	25,3    	26,3    	25,3    	22,3    	22,3    	22,3    	17,3    	15,3    	13,3    	11,3    	10,3    	8,3     	6,3     	3,3     	1,3     
	LAS99,0% 	-,-     	-,-     	-,-     	-,-     	-19,7   	-15,7   	-8,7    	-7,7    	-12,7   	-6,7    	-1,7    	1,3     	5,3     	12,3    	13,3    	22,3    	23,3    	19,3    	21,3    	24,3    	24,3    	25,3    	26,3    	24,3    	22,3    	22,3    	21,3    	17,3    	15,3    	13,3    	11,3    	10,3    	8,3     	6,3     	3,3     	1,3     

